cats
0.000000,1.002364
1.000000,1.002420
2.000000,1.002343
3.000000,1.002553
4.000000,1.002559
5.000000,1.002503
6.000000,0.687405
7.000000,0.688424
8.000000,0.688404
9.000000,0.688226
10.000000,0.688216
11.000000,0.001357
12.000000,1.001250
13.000000,1.001243
14.000000,1.001263
15.000000,1.001300
16.000000,1.001252
17.000000,0.000425
18.000000,1.001018
19.000000,1.000975
20.000000,1.001986
21.000000,1.002004
22.000000,1.001979
23.000000,0.001235
24.000000,0.996725
25.000000,0.996718
26.000000,0.996769
27.000000,0.996755
28.000000,0.996778
29.000000,0.000248
30.000000,0.882604
31.000000,0.882644
32.000000,0.882636
33.000000,0.882633
34.000000,0.882643
35.000000,0.000197
36.000000,1.000822
37.000000,1.000839
38.000000,1.000879
39.000000,1.000809
40.000000,1.000851
41.000000,0.000216
42.000000,1.001956
43.000000,1.000936
44.000000,1.001048
45.000000,1.001102
46.000000,1.001120
47.000000,0.000337
48.000000,1.001010
49.000000,1.001082
50.000000,1.001005
51.000000,1.001062
52.000000,1.001104
53.000000,0.000377
54.000000,0.973919
55.000000,0.973976
56.000000,0.973940
57.000000,0.973957
58.000000,0.973975
59.000000,0.000246
60.000000,1.000990
61.000000,1.000989
62.000000,1.000938
63.000000,1.001007
64.000000,1.002022
65.000000,0.001332
66.000000,1.000359
67.000000,1.000414
68.000000,1.000283
69.000000,1.000263
70.000000,1.000290
71.000000,0.000340
72.000000,0.998739
73.000000,0.998741
74.000000,0.998730
75.000000,0.999733
76.000000,0.999755
77.000000,0.001291
78.000000,0.904107
79.000000,0.903820
80.000000,0.903909
81.000000,0.903916
82.000000,0.903890
83.000000,0.000297
84.000000,1.000734
85.000000,1.000756
86.000000,0.999774
87.000000,0.999746
88.000000,0.999760
89.000000,0.000312
90.000000,1.000124
91.000000,1.000206
92.000000,1.000193
93.000000,1.000191
94.000000,1.000199
95.000000,0.000278
96.000000,1.001287
97.000000,1.001382
98.000000,1.001402
99.000000,1.000241
100.000000,1.000297
101.000000,0.000379
102.000000,0.786677
103.000000,0.786676
104.000000,0.786281
105.000000,0.787311
106.000000,0.787335
107.000000,0.001289
108.000000,1.000898
109.000000,1.000926
110.000000,1.000746
111.000000,1.000777
112.000000,1.000821
113.000000,0.000260
114.000000,1.000368
115.000000,1.001033
116.000000,1.000455
117.000000,1.000485
118.000000,1.000467
119.000000,0.000291
120.000000,1.001299
121.000000,1.001299
122.000000,1.000317
123.000000,1.000339
124.000000,1.000291
125.000000,0.000242
126.000000,0.342466
127.000000,0.342773
128.000000,0.342514
129.000000,0.342532
130.000000,0.342532
131.000000,0.000226
132.000000,0.973868
133.000000,0.973846
134.000000,0.973488
135.000000,0.974512
136.000000,0.974473
137.000000,0.001238
138.000000,1.001045
139.000000,1.001064
140.000000,1.001032
141.000000,1.001027
142.000000,1.001040
143.000000,0.000293
144.000000,1.000932
145.000000,1.000947
146.000000,1.000966
147.000000,1.001954
148.000000,1.001928
149.000000,0.001184
150.000000,0.236201
151.000000,0.236299
152.000000,0.236284
153.000000,0.236253
154.000000,0.236319
155.000000,0.000408
156.000000,0.969655
157.000000,0.969728
158.000000,0.969613
159.000000,0.969611
160.000000,0.969039
161.000000,0.000396
162.000000,0.649198
163.000000,0.649224
164.000000,0.649244
165.000000,0.649160
166.000000,0.649179
167.000000,0.000365
168.000000,0.994824
169.000000,0.999870
170.000000,0.999913
171.000000,1.002057
172.000000,1.002064
173.000000,0.000234
174.000000,0.995348
175.000000,0.995369
176.000000,0.995399
177.000000,0.995413
178.000000,0.995420
179.000000,0.000168
dogs
0.000000,0.000883
1.000000,0.001015
2.000000,0.001235
3.000000,0.001252
4.000000,1.001890
5.000000,1.001937
6.000000,1.001961
7.000000,1.001963
8.000000,1.002162
9.000000,1.002251
10.000000,1.002330
11.000000,1.002308
---
cat:
	Min: 0.000168 sec
	Max: 1.002559 sec
	Avg: 0.767150 sec
dog:
	Min: 0.000883 sec
	Max: 1.002330 sec
	Avg: 0.668432 sec
mouse:
	Min: 0.000000 sec
	Max: 0.000000 sec
	Avg: 0.000000 sec
