cats
0.000000,1.001897
1.000000,1.004067
2.000000,1.004365
3.000000,1.004585
4.000000,1.004835
5.000000,1.005221
6.000000,1.005491
7.000000,1.005659
8.000000,1.005874
9.000000,1.006044
10.000000,1.006209
11.000000,1.006375
12.000000,1.006539
13.000000,1.006717
14.000000,1.006754
15.000000,1.006765
16.000000,1.006810
17.000000,1.006846
18.000000,1.007030
19.000000,1.007233
20.000000,1.007418
21.000000,1.007587
22.000000,1.007753
23.000000,1.007926
24.000000,1.008114
25.000000,1.008326
26.000000,1.008693
27.000000,1.008754
28.000000,1.008738
29.000000,1.008620
30.000000,2.959155
31.000000,2.957758
32.000000,2.958074
33.000000,2.958864
34.000000,2.961027
35.000000,2.961967
36.000000,2.962251
37.000000,2.962334
38.000000,2.962406
39.000000,2.962493
40.000000,0.982873
41.000000,0.983017
42.000000,0.982075
43.000000,0.982119
44.000000,0.982193
45.000000,0.982265
46.000000,0.982326
47.000000,0.981687
48.000000,0.980754
49.000000,0.980815
50.000000,0.980887
51.000000,0.980960
52.000000,0.980038
53.000000,0.980111
54.000000,0.980172
55.000000,0.980208
56.000000,0.980223
57.000000,0.980261
58.000000,0.980350
59.000000,0.980413
60.000000,0.980487
61.000000,0.980550
62.000000,0.980637
63.000000,0.980700
64.000000,0.980759
65.000000,0.980851
66.000000,0.980970
67.000000,0.980997
68.000000,0.981009
69.000000,0.005797
70.000000,1.957431
71.000000,1.957629
72.000000,1.958469
73.000000,1.957172
74.000000,1.956333
75.000000,1.956476
76.000000,1.956681
77.000000,1.956841
78.000000,1.956992
79.000000,1.957177
80.000000,1.000770
81.000000,1.000716
82.000000,1.000747
83.000000,1.000649
84.000000,1.000556
85.000000,1.000076
86.000000,0.999715
87.000000,0.999738
88.000000,0.999436
89.000000,0.999276
90.000000,0.999287
91.000000,0.998925
92.000000,0.998946
93.000000,0.998693
94.000000,0.998767
95.000000,0.998842
96.000000,0.997878
97.000000,0.998777
98.000000,0.999105
99.000000,0.996869
100.000000,0.998675
101.000000,0.998700
102.000000,0.998371
103.000000,0.997009
104.000000,0.998320
105.000000,0.998206
106.000000,0.998144
107.000000,0.998255
108.000000,0.998322
109.000000,0.004200
110.000000,1.953187
111.000000,1.952259
112.000000,1.952361
113.000000,1.952444
114.000000,1.952552
115.000000,1.951639
116.000000,1.951724
117.000000,1.951842
118.000000,1.951922
119.000000,1.952009
120.000000,0.994651
121.000000,0.994768
122.000000,0.994799
123.000000,0.994814
124.000000,0.994839
125.000000,0.994853
126.000000,0.994049
127.000000,0.994938
128.000000,0.994934
129.000000,0.994961
130.000000,0.994988
131.000000,0.995015
132.000000,0.995043
133.000000,0.996220
134.000000,0.994181
135.000000,0.995089
136.000000,0.995607
137.000000,0.995327
138.000000,0.995349
139.000000,0.995392
140.000000,0.995787
141.000000,0.995812
142.000000,0.995471
143.000000,0.995497
144.000000,0.995510
145.000000,0.995107
146.000000,0.995104
147.000000,0.994909
148.000000,0.995317
149.000000,0.004522
150.000000,1.954691
151.000000,1.957133
152.000000,1.957632
153.000000,1.958183
154.000000,1.958472
155.000000,1.958664
156.000000,1.958851
157.000000,1.959062
158.000000,1.958290
159.000000,1.958475
160.000000,2.935260
161.000000,2.935160
162.000000,2.934995
163.000000,2.934855
164.000000,2.934768
165.000000,2.934410
166.000000,2.934287
167.000000,2.934052
168.000000,2.933994
169.000000,2.933475
170.000000,2.933495
171.000000,2.933511
172.000000,2.933530
173.000000,2.933592
174.000000,2.929518
175.000000,2.931539
176.000000,2.929549
177.000000,2.932797
178.000000,2.932805
179.000000,2.932822
180.000000,2.931661
181.000000,2.932875
182.000000,2.932890
183.000000,2.931863
184.000000,2.931809
185.000000,2.931813
186.000000,2.931823
187.000000,2.929791
188.000000,2.931852
189.000000,0.988337
190.000000,2.940777
191.000000,2.941372
192.000000,2.941448
193.000000,2.941534
194.000000,2.941649
195.000000,2.940780
196.000000,2.940862
197.000000,2.940990
198.000000,2.941070
199.000000,2.941169
dogs
0.000000,9.878906
1.000000,9.878991
2.000000,9.879036
3.000000,9.879077
4.000000,9.879143
5.000000,9.879200
6.000000,9.879251
7.000000,9.879422
8.000000,9.879462
9.000000,9.879470
10.000000,9.879477
11.000000,9.879501
12.000000,9.879597
13.000000,9.879517
14.000000,9.879585
15.000000,9.879744
16.000000,9.879719
17.000000,9.879789
18.000000,9.879798
19.000000,9.879709
20.000000,9.879839
21.000000,9.879770
22.000000,9.879775
23.000000,9.879923
24.000000,9.879835
25.000000,9.879750
26.000000,9.879780
27.000000,9.879869
28.000000,9.879953
29.000000,9.880081
30.000000,0.998356
31.000000,0.998410
32.000000,0.998437
33.000000,0.998466
34.000000,0.998492
35.000000,0.998517
36.000000,0.998544
37.000000,0.998571
38.000000,0.998600
39.000000,0.998628
40.000000,0.998692
41.000000,0.998793
42.000000,0.998859
43.000000,0.998940
44.000000,0.999001
45.000000,0.998908
46.000000,0.998934
47.000000,0.998946
48.000000,0.998970
49.000000,0.998996
50.000000,0.999022
51.000000,0.999048
52.000000,0.999072
53.000000,0.999028
54.000000,0.999040
55.000000,0.999062
56.000000,0.998999
57.000000,0.999036
58.000000,0.998533
59.000000,0.001268
60.000000,0.980149
61.000000,0.980525
62.000000,0.980721
63.000000,0.980917
64.000000,0.981110
65.000000,0.981334
66.000000,0.981568
67.000000,0.981699
68.000000,0.981864
69.000000,0.981191
70.000000,0.981843
71.000000,0.981845
72.000000,0.981643
73.000000,0.981548
74.000000,0.980618
75.000000,0.980210
76.000000,0.980343
77.000000,0.980465
78.000000,0.980547
79.000000,0.980636
80.000000,0.980816
81.000000,0.980965
82.000000,0.981134
83.000000,0.981263
84.000000,0.981369
85.000000,0.981500
86.000000,0.981620
87.000000,0.981725
88.000000,0.981864
89.000000,0.004598
90.000000,0.994651
91.000000,0.994734
92.000000,0.994833
93.000000,0.994798
94.000000,0.994827
95.000000,0.994853
96.000000,0.994768
97.000000,0.994674
98.000000,0.994095
99.000000,0.994233
100.000000,0.994280
101.000000,0.994387
102.000000,0.994473
103.000000,0.993586
104.000000,0.993659
105.000000,0.993734
106.000000,0.993751
107.000000,0.993772
108.000000,0.992662
109.000000,0.992683
110.000000,0.992706
111.000000,0.992730
112.000000,0.992754
113.000000,0.992939
114.000000,0.993007
115.000000,0.993255
116.000000,0.993406
117.000000,0.993448
118.000000,0.993477
119.000000,0.002136
120.000000,0.995130
121.000000,0.995287
122.000000,0.995303
123.000000,0.995338
124.000000,0.995410
125.000000,0.995469
126.000000,0.995524
127.000000,0.995584
128.000000,0.994657
129.000000,0.994707
130.000000,0.994747
131.000000,0.994772
132.000000,0.994794
133.000000,0.994819
134.000000,0.992856
135.000000,0.994914
136.000000,0.994976
137.000000,0.994052
138.000000,0.994106
139.000000,0.994165
140.000000,0.994355
141.000000,0.994588
142.000000,0.993694
143.000000,0.993840
144.000000,0.993939
145.000000,0.993333
146.000000,0.993751
147.000000,0.994435
148.000000,0.994560
149.000000,0.003782
mice
0.000000,0.000095
1.000000,0.000476
2.000000,0.000597
3.000000,0.000709
4.000000,0.000826
5.000000,0.000929
6.000000,0.001203
7.000000,0.001308
8.000000,0.001415
9.000000,0.001649
10.000000,0.000494
11.000000,0.000612
12.000000,0.000617
13.000000,0.000674
14.000000,0.000695
15.000000,0.000722
16.000000,0.000769
17.000000,0.000806
18.000000,0.000369
19.000000,0.000418
20.000000,0.001014
21.000000,0.001267
22.000000,0.001388
23.000000,0.001549
24.000000,0.001609
25.000000,0.001673
26.000000,0.000712
27.000000,0.000798
28.000000,0.000896
29.000000,0.000985
30.000000,0.000056
31.000000,0.000397
32.000000,0.000594
33.000000,0.000634
34.000000,0.000735
35.000000,0.001044
36.000000,0.001202
37.000000,0.001434
38.000000,0.001412
39.000000,0.001491
40.000000,1.002218
41.000000,1.002290
42.000000,1.001378
43.000000,1.001445
44.000000,1.001516
45.000000,1.001586
46.000000,1.000734
47.000000,1.000802
48.000000,1.000871
49.000000,1.000968
---
cat:
	Min: 0.004200 sec
	Max: 2.962493 sec
	Avg: 1.601131 sec
dog:
	Min: 0.001268 sec
	Max: 9.880081 sec
	Avg: 2.743206 sec
mouse:
	Min: 0.000056 sec
	Max: 1.002290 sec
	Avg: 0.201002 sec
