cats
0.000000,39.782493
1.000000,39.782527
2.000000,41.780194
3.000000,43.781141
4.000000,45.779251
5.000000,47.780954
6.000000,5.003071
7.000000,4.002363
8.000000,4.999095
9.000000,5.952954
10.000000,6.952174
11.000000,7.948919
12.000000,5.003668
13.000000,4.002099
14.000000,4.978808
15.000000,5.976739
16.000000,6.977344
17.000000,7.978330
18.000000,4.917847
19.000000,3.918807
20.000000,4.808718
21.000000,5.645654
22.000000,6.561582
23.000000,7.567757
24.000000,4.351122
25.000000,4.003532
26.000000,4.996023
27.000000,5.996731
28.000000,6.969692
29.000000,7.673154
dogs
0.000000,6.132890
1.000000,6.133393
2.000000,8.133228
3.000000,10.116444
4.000000,3.003256
5.000000,2.002554
6.000000,2.470596
7.000000,3.471455
8.000000,3.003355
9.000000,2.002650
10.000000,3.002366
11.000000,4.004273
12.000000,3.003749
13.000000,2.002028
14.000000,2.995536
15.000000,3.995696
16.000000,10.947828
17.000000,8.952435
18.000000,8.998454
19.000000,9.000164
mice
0.000000,0.000718
1.000000,0.001014
2.000000,1.000859
3.000000,0.000072
4.000000,0.994754
5.000000,0.000064
6.000000,0.864179
7.000000,0.000060
8.000000,0.941096
9.000000,0.000066
---
cat:
	Min: 3.918807 sec
	Max: 47.780954 sec
	Avg: 13.195758 sec
dog:
	Min: 2.002028 sec
	Max: 10.947828 sec
	Avg: 5.168617 sec
mouse:
	Min: 0.000060 sec
	Max: 1.000859 sec
	Avg: 0.380288 sec
