cats
0.000000,0.000164
1.000000,0.000313
2.000000,1.999374
3.000000,4.000529
4.000000,6.002324
5.000000,8.003674
6.000000,17.014568
7.000000,15.012804
8.000000,15.013429
9.000000,15.010211
10.000000,16.011105
11.000000,16.011211
12.000000,17.008670
13.000000,15.007157
14.000000,15.007804
15.000000,15.007558
16.000000,16.007986
17.000000,16.006939
18.000000,17.012568
19.000000,15.011255
20.000000,15.011922
21.000000,15.011841
22.000000,16.012735
23.000000,16.012034
24.000000,17.012158
25.000000,15.010223
26.000000,15.011240
27.000000,15.011300
28.000000,16.011939
29.000000,16.012525
dogs
0.000000,9.008060
1.000000,9.009155
2.000000,11.010652
3.000000,13.011187
4.000000,15.010856
5.000000,14.009594
6.000000,14.010366
7.000000,15.005440
8.000000,15.010175
9.000000,14.009513
10.000000,14.009317
11.000000,15.009102
12.000000,15.011744
13.000000,14.011007
14.000000,14.013003
15.000000,15.010716
16.000000,15.011772
17.000000,14.011098
18.000000,14.009998
19.000000,15.010305
mice
0.000000,14.012353
1.000000,14.012406
2.000000,14.007386
3.000000,12.005176
4.000000,14.009024
5.000000,12.007679
6.000000,14.009672
7.000000,12.007995
8.000000,14.011583
9.000000,12.011402
---
cat:
	Min: 0.000164 sec
	Max: 17.014568 sec
	Avg: 13.208919 sec
dog:
	Min: 9.008060 sec
	Max: 15.011772 sec
	Avg: 13.710153 sec
mouse:
	Min: 12.005176 sec
	Max: 14.012406 sec
	Avg: 13.209468 sec
