cats
0.000000,81.056394
1.000000,81.056491
2.000000,81.056517
3.000000,81.056591
4.000000,85.058907
5.000000,89.060272
6.000000,29.023249
7.000000,25.019558
8.000000,25.019589
9.000000,23.018095
10.000000,25.019404
11.000000,29.022485
dogs
0.000000,11.009451
1.000000,11.009492
2.000000,11.009534
3.000000,11.009569
4.000000,15.013174
5.000000,15.013356
6.000000,15.013418
7.000000,19.016291
8.000000,19.016408
9.000000,21.017768
10.000000,23.019067
11.000000,25.020374
12.000000,27.020387
13.000000,27.020651
14.000000,29.022116
15.000000,33.023672
16.000000,33.023869
17.000000,33.024238
18.000000,37.024676
19.000000,39.026055
20.000000,22.014333
21.000000,22.015374
22.000000,22.015400
23.000000,18.013736
24.000000,20.015273
25.000000,22.016337
26.000000,14.013313
27.000000,22.018054
28.000000,20.017584
29.000000,20.017424
30.000000,21.017143
31.000000,21.014342
32.000000,23.015705
33.000000,23.015904
34.000000,23.015746
35.000000,26.017891
36.000000,25.017303
37.000000,24.016664
38.000000,27.018252
39.000000,28.019154
40.000000,29.020584
41.000000,29.020605
42.000000,29.020632
43.000000,25.017779
44.000000,27.019194
45.000000,29.020930
46.000000,21.016641
47.000000,29.021629
48.000000,27.020178
49.000000,27.021084
50.000000,28.020992
51.000000,28.019887
52.000000,30.020341
53.000000,30.020546
54.000000,28.019765
55.000000,30.022504
56.000000,28.022485
57.000000,27.020394
58.000000,30.022446
59.000000,31.023279
60.000000,29.025124
61.000000,29.025154
62.000000,29.025210
63.000000,25.022312
64.000000,27.022717
65.000000,29.025409
66.000000,21.019589
67.000000,29.024683
68.000000,27.025042
69.000000,27.021026
70.000000,28.022912
71.000000,28.022732
72.000000,30.024231
73.000000,30.024532
74.000000,28.022356
75.000000,30.024854
76.000000,28.022561
77.000000,27.021140
78.000000,30.023139
79.000000,31.023797
mice
0.000000,0.000028
1.000000,0.000149
2.000000,0.000019
3.000000,0.000059
4.000000,23.015221
5.000000,23.015243
6.000000,39.024754
7.000000,39.024792
8.000000,33.026203
9.000000,33.026230
10.000000,23.020723
11.000000,23.020917
12.000000,0.000022
13.000000,0.000052
---
cat:
	Min: 23.018095 sec
	Max: 89.060272 sec
	Avg: 54.538963 sec
dog:
	Min: 11.009451 sec
	Max: 39.026055 sec
	Avg: 25.281986 sec
mouse:
	Min: 0.000019 sec
	Max: 39.024792 sec
	Avg: 16.869601 sec
