cats
0.000000,61.803565
1.000000,61.803614
2.000000,70.775540
3.000000,92.995958
4.000000,99.153421
5.000000,120.763969
6.000000,132.274053
7.000000,111.489927
8.000000,113.234936
9.000000,118.298806
10.000000,119.496057
11.000000,128.053465
12.000000,142.845041
13.000000,115.833829
14.000000,114.700351
15.000000,119.823195
16.000000,120.284759
17.000000,132.593010
18.000000,152.994410
19.000000,128.154610
20.000000,127.338245
21.000000,131.157742
22.000000,128.220977
23.000000,144.596593
24.000000,162.089633
25.000000,133.350306
26.000000,132.132748
27.000000,130.803741
28.000000,127.547274
29.000000,142.361998
dogs
0.000000,25.140982
1.000000,25.142069
2.000000,35.060548
3.000000,52.701065
4.000000,133.795417
5.000000,117.248983
6.000000,118.670054
7.000000,133.427215
8.000000,143.260785
9.000000,126.605360
10.000000,127.936535
11.000000,139.868312
12.000000,152.212317
13.000000,137.276280
14.000000,138.501025
15.000000,152.664753
16.000000,163.316051
17.000000,145.668142
18.000000,148.895391
19.000000,161.125615
mice
0.000000,0.000021
1.000000,0.000162
2.000000,124.381915
3.000000,114.203873
4.000000,131.386958
5.000000,120.682695
6.000000,135.633316
7.000000,127.687839
8.000000,148.918802
9.000000,138.439316
---
cat:
	Min: 61.803565 sec
	Max: 162.089633 sec
	Avg: 120.565726 sec
dog:
	Min: 25.140982 sec
	Max: 163.316051 sec
	Avg: 118.925845 sec
mouse:
	Min: 0.000021 sec
	Max: 148.918802 sec
	Avg: 104.133490 sec
